0 3
0 43
0 23
0 4
0 13
0 49
0 11
0 34
0 12
0 33
0 38
0 39
1 21
1 33
1 12
1 13
1 39
1 27
1 26
1 48
1 2
1 18
1 22
1 23
1 43
1 47
2 32
2 27
2 37
2 42
2 11
2 1
2 12
2 21
2 4
2 6
2 8
2 9
2 10
2 13
2 19
2 20
2 34
2 44
2 45
2 47
2 49
3 21
3 11
3 16
3 23
3 9
3 4
3 20
3 44
3 0
3 8
3 14
3 15
3 17
3 31
3 40
3 43
3 45
4 15
4 5
4 38
4 10
4 19
4 2
4 14
4 41
4 0
4 3
4 9
4 18
4 20
4 21
4 26
4 27
4 33
4 42
4 48
4 49
5 9
5 37
5 14
5 18
5 30
5 33
5 31
5 24
5 4
5 7
5 12
5 13
5 17
5 35
5 40
5 42
5 43
5 44
5 45
6 40
6 27
6 28
6 10
6 2
6 11
6 34
6 41
6 9
6 24
6 33
6 38
7 41
7 20
7 15
7 5
7 14
7 18
7 10
7 38
7 8
7 11
7 19
7 27
7 39
7 42
7 47
7 48
7 49
8 11
8 15
8 37
8 3
8 39
8 2
8 7
8 34
8 16
8 25
8 28
8 41
9 2
9 6
9 12
9 41
9 43
9 27
9 26
9 4
9 3
9 5
9 23
9 25
9 29
9 44
10 31
10 2
10 42
10 38
10 41
10 27
10 34
10 43
10 4
10 6
10 7
10 11
10 30
10 35
10 37
10 45
11 34
11 22
11 7
11 39
11 40
11 10
11 49
11 44
11 0
11 2
11 3
11 6
11 8
11 14
11 17
11 19
11 23
11 28
11 37
11 42
11 48
12 15
12 18
12 5
12 49
12 0
12 30
12 41
12 24
12 1
12 2
12 9
12 13
12 19
12 25
12 36
12 48
13 49
13 44
13 12
13 2
13 16
13 15
13 25
13 5
13 0
13 1
13 26
13 38
14 34
14 33
14 38
14 48
14 3
14 23
14 36
14 11
14 4
14 5
14 7
14 15
14 18
14 19
14 21
14 29
14 35
14 37
14 41
14 46
14 47
15 14
15 33
15 47
15 16
15 24
15 3
15 42
15 22
15 4
15 7
15 8
15 12
15 13
15 20
15 21
15 27
15 30
15 32
15 35
15 39
15 40
15 44
15 46
15 49
16 21
16 27
16 8
16 19
16 32
16 26
16 23
16 17
16 3
16 13
16 15
17 49
17 32
17 48
17 31
17 11
17 5
17 3
17 18
17 16
17 21
17 30
17 33
17 37
17 45
18 1
18 47
18 41
18 44
18 4
18 14
18 37
18 35
18 5
18 7
18 12
18 17
18 21
18 24
18 25
18 27
18 32
18 46
19 27
19 7
19 20
19 11
19 24
19 2
19 14
19 12
19 4
19 16
19 21
19 22
19 30
19 39
19 42
20 4
20 37
20 34
20 44
20 38
20 15
20 24
20 2
20 3
20 7
20 19
20 21
20 28
20 32
20 33
20 40
20 41
21 17
21 40
21 18
21 15
21 19
21 4
21 14
21 20
21 1
21 2
21 3
21 16
21 22
21 30
21 42
22 41
22 1
22 27
22 34
22 21
22 19
22 37
22 44
22 11
22 15
22 23
22 24
22 31
22 36
23 47
23 1
23 38
23 22
23 24
23 11
23 9
23 48
23 0
23 3
23 14
23 16
23 27
23 35
23 37
23 43
23 49
24 22
24 18
24 35
24 38
24 6
24 48
24 43
24 45
24 5
24 12
24 15
24 19
24 20
24 23
24 26
24 27
24 37
24 41
24 44
24 49
25 18
25 32
25 8
25 34
25 12
25 48
25 42
25 9
25 13
26 41
26 24
26 4
26 27
26 28
26 42
26 40
26 13
26 1
26 9
26 16
27 47
27 4
27 43
27 23
27 15
27 24
27 7
27 18
27 1
27 2
27 6
27 9
27 10
27 16
27 19
27 22
27 26
27 29
27 31
27 32
27 34
27 44
28 34
28 29
28 49
28 46
28 11
28 20
28 8
28 44
28 6
28 26
29 9
29 30
29 35
29 44
29 49
29 41
29 14
29 27
29 28
29 39
29 43
29 46
30 46
30 19
30 15
30 21
30 10
30 48
30 17
30 31
30 5
30 12
30 29
30 33
31 49
31 22
31 42
31 43
31 37
31 41
31 27
31 3
31 5
31 10
31 17
31 30
31 35
31 40
31 46
31 47
31 48
32 35
32 37
32 40
32 27
32 15
32 18
32 39
32 20
32 2
32 16
32 17
32 25
32 33
32 41
33 0
33 30
33 4
33 20
33 6
33 48
33 32
33 17
33 1
33 5
33 14
33 15
33 34
33 36
33 44
33 49
34 42
34 41
34 37
34 33
34 27
34 2
34 35
34 48
34 0
34 6
34 8
34 10
34 11
34 14
34 20
34 22
34 25
34 28
35 5
35 10
35 15
35 31
35 47
35 23
35 44
35 14
35 18
35 24
35 29
35 32
35 34
35 36
35 39
36 22
36 49
36 43
36 40
36 12
36 33
36 35
36 44
36 14
36 41
36 46
36 47
37 45
37 24
37 44
37 17
37 11
37 23
37 14
37 10
37 2
37 5
37 8
37 18
37 20
37 22
37 31
37 32
37 34
37 38
37 46
37 47
37 49
38 0
38 13
38 47
38 39
38 42
38 6
38 44
38 37
38 4
38 7
38 10
38 14
38 20
38 23
38 24
38 41
39 0
39 7
39 15
39 48
39 19
39 44
39 29
39 35
39 1
39 8
39 11
39 32
39 38
40 47
40 31
40 20
40 5
40 49
40 3
40 44
40 15
40 6
40 11
40 21
40 26
40 32
40 36
40 48
41 8
41 20
41 14
41 36
41 48
41 38
41 32
41 24
41 4
41 6
41 7
41 9
41 10
41 12
41 18
41 22
41 26
41 29
41 31
41 34
41 44
41 47
42 21
42 5
42 11
42 49
42 19
42 7
42 4
42 44
42 2
42 10
42 15
42 25
42 26
42 31
42 34
42 38
42 43
43 1
43 42
43 44
43 5
43 49
43 3
43 23
43 29
43 0
43 9
43 10
43 24
43 27
43 31
43 36
43 45
44 27
44 15
44 24
44 5
44 33
44 41
44 2
44 9
44 3
44 11
44 13
44 18
44 20
44 22
44 28
44 29
44 35
44 36
44 37
44 38
44 39
44 40
44 42
44 43
44 48
45 5
45 43
45 17
45 46
45 3
45 10
45 47
45 2
45 24
45 37
46 29
46 36
46 14
46 15
46 48
46 37
46 18
46 31
46 28
46 30
46 45
47 7
47 1
47 36
47 41
47 31
47 37
47 2
47 14
47 15
47 18
47 23
47 27
47 35
47 38
47 40
47 45
47 48
48 12
48 44
48 11
48 47
48 31
48 7
48 4
48 40
48 1
48 14
48 17
48 23
48 24
48 25
48 30
48 33
48 34
48 39
48 41
48 46
49 4
49 7
49 2
49 15
49 24
49 37
49 33
49 23
49 0
49 11
49 12
49 13
49 17
49 28
49 29
49 31
49 36
49 40
49 42
49 43
